62
170
262
359
475
526
802
825
942
956
961
1078
1227
1485
1486
1489
1511
1551
1562
1613
1652
1654
1655
1656
1658
1659
1660
1662
1665
1666
1669
1670
1672
1673
1676
1679
1683
1684
1686
1690
1691
1693
1694
1698
1699
1700
1703
1704
1705
1708
1709
1713
1716
1717
1718
1721
1727
1731
1732
1734
1735
1737
1738
1745
1746
1747
1748
1749
1756
1757
1759
1760
1761
1762
1763
1765
1766
1767
1770
1771
1772
1774
1775
1776
1777
1778
1780
1781
1782
1783
1785
1786
1790
1791
1792
1794
1795
1798
1800
1801
1802
1805
1808
1809
1810
1812
1813
1816
1819
1826
1829
1830
1834
1839
1840
1841
1844
1845
1848
1849
1853
1854
1857
1858
1859
1868
1871
1872
1873
1874
1875
1883
1885
1886
1889
1892
1897
1899
1900
1902
1910
1911
1912
1949
1950
1951
1952
1953
1954
1955
1956
1957
1959
1961
1962
1963
1965
1966
1967
1968
1969
1970
1972
1973
1974
1975
1976
1977
1978
1979
1980
1981
1982
1983
1984
1985
1986
1987
1988
1989
1991
1992
1993
1994
1995
1996
1997
1998
1999
2000
2001
2002
2003
2004
2005
2006
2007
2008
2009
2010
